1 6.32184505463 -70498.4266702
2 6.20380616188 -68022.7082447
3 6.37061405182 -66565.7882407
4 6.26304888725 -65645.1488639
5 6.09315109253 -65070.716337
6 6.20947599411 -64511.8967277
7 6.1373269558 -64431.8995288
8 6.2412109375 -63952.0170553
9 6.28348016739 -63654.0310072
10 6.12013792992 -63559.019452
11 6.11151003838 -63412.468967
12 6.23020505905 -63195.3824936
13 6.25379395485 -63082.3355719
14 6.2789208889 -62925.6183265
15 6.19892907143 -62801.0654413
16 6.10718607903 -62693.8643112
17 6.14786195755 -62481.1232919
18 6.15963602066 -62394.7203024
19 6.33879089355 -62351.9907128
20 6.2304110527 -62233.8040845
21 6.16175889969 -62224.6106246
22 6.19204807281 -62315.4661469
23 6.10914301872 -62288.2314883
24 6.1843059063 -62139.6964787
25 6.20656013489 -62070.5204043
26 6.21455407143 -61951.4397972
27 6.08825302124 -62102.5357498
28 6.41692399979 -62097.25165
29 6.12443089485 -61963.9737333
30 6.10695981979 -61946.5431356
31 6.236109972 -61931.4013407
